SWELL
I2CMIDI NEEDED
W/ IN DELAY MODE I2C
INTONE 7, TIME 10:30
RAMP 11, FM 12, CURVE 9,
TT OUTS -> JF INS
CV 1 RAMP CV 2 INTONE
CV 3 CURVE CV 4 TIME
H9 HALL ALGO



#1
I2M.C.B 1 R101101
I2M.C.B 2 R10110101
EV 2: I2M.C.SC 1 A
I2M.C.B 3 R101101
EV 8: A RRND 2 4
I2M.C.B 4 R10010101

#2
J WRP + J 1 0 C; C RRND 4 4
I2M.C.DIS 1 J 2; $ 5
I2M.C.VCUR 1 1 40 100
EV 1: JF.SHIFT V RRND 0 1
CV 4 VV RRAND 0 0
CV 1 VV RRAND 0 0

#3
EV A: $ 2; A RRAND 4 4
J WRP + J 1 0 3; $ 4
X I2M.C.QN 1 60 J
Y I2M.C.QV 1 127 J
Z SCL 0 120 0 400 Y
JF.NOTE N - X 60 VV Z

#4
I2M.C.DIR 7 2

#5
CV 2 VV RRAND 0 0
CV 3 VV RRND 0 0
CV.SLEW 3 0
CV.SLEW 2 0

#6

#7

#8

#M
M BPM 440
$ 1; $ 3

#I
JF.MODE 1; JF.SHIFT N 0
JF.SHIFT V -1
W/D.MIX V -5
W/D.FBK V 0
W/D.FREEZE V 0

#P
0	0	0	0
0	0	0	0
0	0	0	0
0	0	0	0

0	0	0	0
0	0	0	0
0	0	0	0
0	0	0	0
0	0	0	0
0	0	0	0
0	0	0	0
0	0	0	0
0	0	0	0
0	0	0	0
0	0	0	0
0	0	0	0
0	0	0	0
0	0	0	0
0	0	0	0
0	0	0	0
0	0	0	0
0	0	0	0
0	0	0	0
0	0	0	0
0	0	0	0
0	0	0	0
0	0	0	0
0	0	0	0
0	0	0	0
0	0	0	0
0	0	0	0
0	0	0	0
0	0	0	0
0	0	0	0
0	0	0	0
0	0	0	0
0	0	0	0
0	0	0	0
0	0	0	0
0	0	0	0
0	0	0	0
0	0	0	0
0	0	0	0
0	0	0	0
0	0	0	0
0	0	0	0
0	0	0	0
0	0	0	0
0	0	0	0
0	0	0	0
0	0	0	0
0	0	0	0
0	0	0	0
0	0	0	0
0	0	0	0
0	0	0	0
0	0	0	0
0	0	0	0
0	0	0	0
0	0	0	0
0	0	0	0
0	0	0	0
0	0	0	0
0	0	0	0
0	0	0	0
0	0	0	0
0	0	0	0
0	0	0	0

#G
0000000000000000
0000000000000000
0000000000000000
0000000000000000
0000000000000000
0000000000000000
0000000000000000
0000000000000000
0000000000000000
0000000000000000
0000000000000000
0000000000000000
0000000000000000
0000000000000000
0000000000000000
0000000000000000

0	0	0	0	0	0	0	0	0	0	0	0	0	0	0	0
0	0	0	0	0	0	0	0	0	0	0	0	0	0	0	0
0	0	0	0	0	0	0	0	0	0	0	0	0	0	0	0
0	0	0	0	0	0	0	0	0	0	0	0	0	0	0	0
